5.25
2.95
3.18
2.33
3.21
3.03
4.34
4.72
4.90
4.10
4.41
3.42
3.60
3.33
2.88
3.71
5.17
3.69
3.99
3.89
3.68
3.66
3.37
3.72
4.42
2.84
4.16
4.35
4.52
4.18
2.63
3.03
2.89
5.19
3.80
3.80
2.83
3.02
4.24
3.87
2.88
4.21
4.67
4.28
3.43
4.27
3.91
2.54
2.84
4.62
3.99
4.33
4.10
3.28
3.59
4.02
3.46
5.47
4.23
3.83
3.74
4.72
4.72
4.68
3.64
4.96
3.20
2.37
4.23
2.90
4.91
3.37
3.63
4.23
3.15
3.57
4.83
4.65
5.36
2.86
4.49
2.86
3.33
3.14
3.48
4.51
3.38
3.54
5.59
3.37
5.18
3.71
3.99
5.25
3.78
3.81
2.92
4.06
3.00
5.01
2.71
3.52
2.54
4.44
4.18
4.94
5.36
4.00
4.13
3.72